9810480095
9873712689
7300655814
7880625200
9268226686
8319537948
7017883872
7417812707
9759999301
8860690506
9555955371
9756388942
7042543298
8587898058
9305356869
7991818906
8853534569
7887570722
7897672552
9837848861
8595617445
7456975429
9258517668
9548143288
7017604119
9625502276
9219407639
9125717324
8532954590
8180017551
8920372862
7078199469
9837036191
9582811332
9205562066
7060559601
9997009499
9560520814
7428755731
9811114068
9871273323
6307088442
9811985077
8766204096
6267705332
8597611186
8287930499
9971215789
8604507617
9520917497
8299743571
9891552734
9264929128
9718444499
9639910515
9625449867
7340387507
7042614768
9871890858
8433419504
9560608877
9621522587
8574884510
9311096443
9971055576
8178059591
9411838344
9654438476
7318044811
9058363770
9891105555
8287060544
9123191521
8564918120
8527739683
7800758321
9794470333
8178091434
9560913119
7465922980
8882907508
9839017441
8810680701
7503232042
8127229100
9569912238
7900748667
9310605110
9711106153
9236666936
7307466965
9305415403
8920583828
7011441498
9336298756
9810276645
9311761734
7982836628
9927540643
8979345314
8004258901
8445005162
6386317775
9837223176
6392530384
9125582362
7042522165
9667130084
8800250811
9838039322
9711530123
9650831948
9759116579
8851119420
9810814549
9711499517
7065731903
9555066937
9810844766
8800094124
9368186779
9369849285
9711621652
9897109992
6387329017
7985054949
9967963462
9891980022
8800696309
7233928525
8430298445
9634996911
9410032059
9315822375
7417905073
9718456565
7408190309
9458753873
9311106446
8586997432
9810028033
9554835891
9639610124
8929863051
9560773712
9311392953
9719627684
8081299982
9368642380
9818012383
9278907075
8810323048
8545811922
9891825066
8743006623
8700129680
9910750967
8287863590
8076525836
7906588891
7836926340
8585954362
8447350881
9911683976
8630011800
9821007360
7060588146
8285223390
8826795107
9315255423
8423246466
8826685095
9149320817
8287300017
9839261740
6399046188
9999260979
9312480960
7518882205
8865808264
9873661315
7503375185
8318467013
9811126211
9389784441
7895097259
7678577044
9953764565
7458097822
9910441951
9871067006
9213128426
7408549545
9873100695
8149665723
8318745908
9473966758
9821512024
7668385456
8130703334
8265999581
8181936381
9897825666
9720939999
9354907762
9968869863
8076084792
9310686650
9582141636
9911428771
9999444434
6230388663
8273130377
8979542775
9315115642
9958610600
9312278562
9696851782
7455999034
7398150650
9871585513
9625441980
7041804303
6387572891
9793093000
9582331707
9990550160
6386213502
9910795882
8802983700
9555864816
8851017161
9084030635
9818684079
7028556202
9005333222
8076845480
9548803659
8840527848
8010501060
8009689669
7408703157
9793139100
8287710847
9560471099
9453709374
9140434469
8810613455
8840829264
7839150642
9760025425
9211232979
6307253137
9760232692
6391116766
9599428635
9415023993
8303113636
8447269888
7668614939
8826018243
9792473887
9140314989
9817175230
9717160471
7982150712
7980080408
7060739665
8888419874
7505798109
7307743147
8303616041
9450100421
7524811568
8929366190
8826956768
9309944064
8279982493
8273832873
6392377540
7982950088
9891638585
9868746179
9968203325
7053301150
8532024319
9811136120
9811415069
9891252028
9810304250
7505233291
8130319271
8076526211
8604457141
7078119915
9821141133
9354793238
9958300236
9311505201
8707494550
8318094676
8920394770
8941052130
8448485904
9810623841
7703969030
7627947295
9116225070
8448013669
9555995696
9717014205
7302427404
8171042175
7669311780
9871337237
9650418920
8766357126
9953398647
9818624494
8130299346
6306937745
9810081445
8700196041
9810781001
9971196569
9456262744
9455870783
8476828030
9045094789
9696768475
6388862029
9889790314
9984695988
8882081334
8077363066
9650991491
9717548065
8799798468
9548127240
9453142449
8368851592
9310264961
9899197599
9650967505
9451682442
7906933246
7065115797
8791784843
9450075397
9459612817
8840189199
9811583852
9891198706
8950140384
8950983116
9910788733
9718587160
7827743160
7678514968
8840188159
9810532664
7703836864
8931035507
8604669869
8800570055
8700675211
9910989595
9999617088
9568800195
7985108859
9927833345
9667326609
7007351730
8439751073
8265813657
9793900933
9761303329
9013579755
9810185196
8173079794
7500457390
7388100591
7836876462
9971182761
9870802959
8527094882
9560854111
8860402677
7428904049
9410086699
8887834646
9140429020
9044029914
9910534558
9716206485
9899069872
7007827199
9506706220
9105468646
8851767188
8535088409
9307009192
9650130973
8287714626
7042227368
7054158738
9773743979
9868137016
7703836985
7753855224
6398351077
9871152621
9205575506
7678498310
7355362159
7398063011
9610440521
8445041771
9818076108
9917662474
9528663552
9027945882
7982729604
7302675771
9305569815
9310311636
7838572196
9917730464
7011147030
9369126291
9452406573
9318390108
9990154898
9044357858
9582719947
8318923467
9997644238
7233952968
9569611346
9707390531
9580405060
9899276116
9871174136
7310714835
9997556188
8303113636
8791100319
6307470629
8373929208
6397527127
8383905221
9971950350
9452057209
9473849520
9335903307
9839100233
9810277683
8115226141
9810131869
9911555526
8800226966
6393873753
9140663113
6398960124
7518559885
8687886426
9559980944
9312889888
6392820368
9012600043
7007810750
8287524139
9718284410
8188878007
6306296542
9838541683
7007884155
8218160173
9899468616
8707244369
7669444388
7900925120
7037822200
8447470705
9793711965
9212311869
8433285360
9045190119
9354785147
6392162528
7755884978
9506339900
7505397019
7458948431
9810736425
8923874124
8130766610
7906330821
9560105309
9891555888
9899374336
9871168701
8218504757
6387686294
9335669500
7505851065
9911197501
7906143613
9919197862
9415390159
7607555550
9650219344
9582157112
7464836416
9871098783
9528688481
9891377458
9319180503
9212716125
7827900726
9453028676
8920752664
9717240275
9453846142
9910987051
8130805825
9810579708
9278206201
9205505652
7990138020
9520951261
9811734678
8287660290
7317278136
9868243994
8528181719
9818335225
9810249798
7827106539
9389716801
7703896918
9811318629
9250002777
7428798287
6306658209
9415358117
8595428935
9212307095
9871539030
9136172136
9759433555
8077172236
8826901227
8076935297
8810874451
9807188800
9818198601
9891069175
9897323568
6390390111
9311275090
9369450600
8178427857
9068887809
8267027939
8218240354
8858704490
9796012252
9711278278